ticker	date	open	high	low	close	volume	ex-dividend	split_ratio	adj_open	adj_high	adj_low	adj_close	adj_volume
MSFT	3/13/86	25.5	29.25	25.5	28	3582600	0	1	0.059889903	0.068697242	0.059889903	0.065761463	1031788800
MSFT	3/14/86	28	29.5	28	29	1070000	0	1	0.065761463	0.069284398	0.065761463	0.068110086	308160000
MSFT	3/17/86	29	29.75	29	29.5	462400	0	1	0.068110086	0.069871554	0.068110086	0.069284398	133171200
MSFT	3/18/86	29.5	29.75	28.5	28.75	235300	0	1	0.069284398	0.069871554	0.066935774	0.06752293	67766400
MSFT	3/19/86	28.75	29	28	28.25	166300	0	1	0.06752293	0.068110086	0.065761463	0.066348618	47894400
MSFT	3/20/86	28.25	28.25	27.25	27.5	202900	0	1	0.066348618	0.066348618	0.063999995	0.064587151	58435200
MSFT	3/21/86	27.5	28	26.25	26.75	208300	0	1	0.064587151	0.065761463	0.061651371	0.062825683	59990400
MSFT	3/24/86	26.75	26.75	25.75	26	226700	0	1	0.062825683	0.062825683	0.060477059	0.061064215	65289600
MSFT	3/25/86	26	26.5	25.75	26.5	111400	0	1	0.061064215	0.062238527	0.060477059	0.062238527	32083200
MSFT	3/26/86	26.5	27.5	26.25	27.25	79000	0	1	0.062238527	0.064587151	0.061651371	0.063999995	22752000
MSFT	3/27/86	27.25	27.75	27.25	27.75	58500	0	1	0.063999995	0.065174307	0.063999995	0.065174307	16848000
MSFT	3/31/86	27.75	27.75	27	27.5	44700	0	1	0.065174307	0.065174307	0.063412839	0.064587151	12873600
MSFT	4/1/86	27.5	27.5	27.25	27.25	38500	0	1	0.064587151	0.064587151	0.063999995	0.063999995	11088000
